ALTEZZA PESO TORACE CRANIO BISACROM BITROCAN SPAN
158 42 70 50 32 24 155
150 43 74 50 34 25 152
149 43 74 50 33 25 147
144 32 68 50 35 22 146
141 34 70 50 33 23 137
131 25 61 50 30 22 132
145 36 71 51 32 24 146
129 23 62 51 26 21 128
130 30 65 51 30 23 130
145 34 70 51 35 24 150
146 37 74 51 32 24 145
159 48 78 51 37 30 158
159 41 71 51 34 27 159
145 33 68 51 31 25 146
143 36 68 51 33 24 147
143 36 71 51 33 21 153
143 30 63 51 31 22 145
136 28 66 51 30 21 135
134 33 72 51 33 25 134
140 36 69 51 31 25 140
151 35 68 51 33 24 146
137 31 65 51 32 22 136
142 37 70 51 34 24 144
137 32 67 51 31 24 140
141 30 65 51 30 23 144
141 32 70 51 31 24 143
138 28 64 51 31 21 140
139 30 69 51 29 23 142
138 31 70 51 33 24 143
130 25 60 52 29 21 126
134 30 62 52 30 23 132
133 30 64 52 29 22 130
132 30 62 52 31 23 132
134 30 61 52 29 22 132
133 28 67 52 28 22 138
133 34 70 52 33 23 138
143 30 64 52 31 23 143
143 30 65 52 30 22 145
159 44 74 52 36 26 161
146 40 71 52 34 25 145
149 35 68 52 32 22 147
140 30 62 52 30 21 144
135 30 62 52 28 22 130
135 29 66 52 32 24 134
135 30 66 52 30 22 134
147 41 70 52 32 26 147
143 43 78 52 37 29 148
146 42 68 52 32 26 148
150 35 68 52 33 26 151
138 34 71 52 32 22 141
135 30 66 52 30 20 135
147 36 68 52 31 25 147
146 38 71 52 33 25 145
147 49 81 52 34 29 147
140 31 67 52 31 24 140
146 35 68 52 32 23 149
147 37 72 52 33 24 143
140 39 72 52 32 24 140
141 30 64 52 29 22 137
136 33 67 52 32 24 149
155 57 80 52 36 31 160
150 51 95 52 36 28 156
155 40 73 52 34 26 154
148 38 70 52 32 25 150
145 35 67 52 32 23 147
141 36 72 52 32 23 141
145 32 65 52 30 23 142
141 35 67 52 31 24 136
142 37 77 52 31 23 146
145 34 70 52 32 24 148
137 28 62 52 30 22 134
159 36 68 52 34 27 152
143 35 69 52 32 24 142
148 36 67 52 32 23 156
142 32 67 52 31 22 148
156 45 75 52 33 27 152
145 36 63 52 29 26 143
150 35 68 52 33 23 148
145 30 69 52 31 22 145
140 30 65 52 32 22 142
145 37 73 52 34 25 144
148 37 72 52 33 24 148
144 34 70 52 33 24 152
147 34 67 52 30 23 148
142 32 67 52 29 24 138
154 39 71 52 35 26 146
144 48 78 52 32 26 142
154 43 75 52 37 28 155
137 41 73 52 33 25 138
148 38 71 52 32 26 151
147 31 61 52 30 24 144
150 40 75 52 37 27 151
143 32 66 52 31 24 146
149 38 71 52 32 25 150
143 33 64 52 33 23 153
138 30 63 52 30 23 135
149 69 99 52 36 33 155
139 30 65 52 32 23 142
150 39 71 52 34 26 148
138 31 63 52 29 24 160
143 38 73 52 33 23 140
141 31 67 52 30 23 138
154 49 78 53 34 28 152
137 35 68 53 31 24 144
152 35 67 53 31 24 150
154 42 73 53 39 25 156
138 39 72 53 31 24 138
138 45 88 53 32 26 144
137 31 65 53 30 23 141
138 30 64 53 32 22 144
153 41 74 53 31 26 154
138 30 68 53 31 23 140
137 30 65 53 30 22 138
152 43 74 53 36 26 150
137 33 69 53 33 24 139
154 44 72 53 33 26 152
139 36 70 53 33 25 144
136 31 65 53 31 24 133
151 45 75 53 34 26 156
139 32 68 53 31 22 140
151 34 64 53 34 23 155
139 35 68 53 31 22 137
137 30 64 53 30 23 131
151 48 80 53 35 26 150
139 34 71 53 33 24 137
152 42 74 53 34 26 158
139 36 68 53 32 25 142
139 31 66 53 30 24 135
137 30 60 53 29 25 157
174 45 73 53 38 26 174
140 55 66 53 33 24 148
137 35 66 53 30 23 133
169 49 77 53 37 29 166
152 35 70 53 32 25 157
154 38 71 53 34 24 150
137 33 67 53 32 24 143
140 31 61 53 30 21 139
151 41 74 53 34 26 150
137 30 62 53 29 22 135
136 35 70 53 31 21 135
136 36 68 53 31 24 142
136 30 66 53 31 20 140
151 43 74 53 31 25 150
135 30 63 53 31 22 135
135 30 65 53 31 21 138
154 48 80 53 35 27 153
135 30 66 53 32 22 146
155 42 74 53 36 26 171
151 39 73 53 32 25 154
153 38 69 53 35 26 160
155 41 71 53 34 28 156
154 59 81 53 35 29 155
134 30 60 53 31 20 131
127 26 61 53 29 20 125
154 46 78 53 35 26 159
165 80 98 53 40 35 170
140 35 70 53 30 22 142
138 29 66 53 29 28 134
152 46 77 53 33 25 148
144 40 72 53 31 25 141
146 49 80 53 35 26 150
151 45 74 53 33 26 152
140 35 67 53 33 23 143
141 45 77 53 33 27 139
128 21 63 53 27 21 138
141 49 79 53 32 27 147
165 43 73 53 34 28 165
159 52 78 53 35 28 162
141 40 71 53 34 25 145
141 37 70 53 32 26 148
146 35 70 53 34 25 148
144 34 66 53 31 23 142
146 37 69 53 32 25 154
147 37 70 53 36 25 152
141 37 70 53 34 24 139
147 47 74 53 34 27 147
146 40 73 53 32 25 137
153 44 78 53 33 25 153
151 53 84 53 35 28 159
151 40 72 53 35 28 159
160 42 73 53 36 27 160
141 29 62 53 31 24 135
141 40 73 53 31 23 138
147 36 68 53 33 26 148
146 35 67 53 29 22 147
141 35 65 53 32 24 146
146 37 71 53 35 26 145
153 37 66 53 37 27 158
146 40 68 53 30 24 144
159 44 74 53 38 29 162
141 30 66 53 32 23 141
160 42 73 53 36 26 155
147 37 69 53 34 25 158
147 43 71 53 33 26 150
141 31 66 53 31 23 142
141 36 69 53 33 24 143
141 32 68 53 31 23 142
146 34 66 53 32 23 146
151 40 74 53 37 27 152
146 46 78 53 34 27 145
142 33 68 53 32 23 137
159 49 78 53 37 26 160
142 31 66 53 30 21 139
144 34 66 53 33 23 142
160 46 76 53 34 29 158
144 43 76 53 31 24 141
148 45 77 53 34 26 159
142 30 64 53 31 23 140
148 40 73 53 32 25 145
142 31 75 53 30 23 142
130 26 65 53 38 22 154
160 45 76 53 37 26 169
132 24 60 53 28 20 140
142 39 73 53 30 23 140
156 39 75 53 34 23 160
144 50 82 53 33 26 141
150 47 76 53 38 29 155
130 32 69 53 28 23 130
145 35 69 53 33 24 150
145 33 67 53 32 25 146
145 38 71 53 33 25 150
158 43 76 53 35 26 159
155 42 71 53 35 26 162
142 34 70 53 30 24 145
145 40 75 53 32 25 150
145 34 67 53 32 24 150
155 41 71 53 32 27 152
130 40 76 53 34 28 137
148 37 70 53 33 25 149
148 39 73 53 31 26 155
148 33 64 53 33 21 150
161 48 78 53 36 27 164
142 35 72 53 31 24 145
158 49 75 53 39 29 147
150 43 74 53 36 25 154
145 48 77 53 32 25 147
155 40 71 53 33 25 154
145 36 66 53 31 24 142
145 31 64 53 30 20 142
161 45 77 53 38 27 154
142 31 68 53 32 22 144
142 34 67 53 28 24 144
133 30 65 53 29 21 136
142 36 67 53 31 24 144
156 48 74 53 36 26 158
158 45 74 53 36 27 154
145 36 72 53 31 24 144
145 36 74 53 31 24 144
145 51 81 53 34 26 144
158 43 72 53 34 28 158
145 33 65 53 32 23 144
148 48 84 53 38 28 150
143 32 68 53 32 25 125
144 38 74 53 32 25 145
143 44 79 53 32 24 145
148 48 77 53 32 27 145
144 32 66 53 32 21 146
156 40 71 53 33 24 157
144 30 65 53 32 24 140
135 30 63 53 29 21 133
144 35 69 53 32 24 146
149 47 75 53 35 26 153
143 39 76 53 32 25 147
153 44 75 53 35 28 155
148 47 82 53 33 26 151
144 34 68 53 32 22 147
144 42 71 53 32 26 148
162 51 88 53 38 25 158
148 36 70 53 32 24 143
143 38 73 53 32 24 144
163 49 78 53 36 27 164
143 36 71 53 32 25 153
163 41 72 53 37 27 164
143 36 70 53 32 24 146
150 54 88 53 38 28 150
143 42 75 53 33 27 154
149 37 70 53 34 26 147
162 56 80 53 37 29 164
144 36 71 53 32 24 146
162 48 74 53 36 26 162
143 45 77 53 33 26 141
143 42 75 53 34 24 135
149 38 71 53 35 26 150
144 39 76 53 35 24 144
144 36 65 53 31 24 145
162 43 73 53 36 25 158
156 42 72 53 37 26 166
144 32 68 53 33 23 149
143 36 67 53 30 23 138
147 38 67 53 37 27 146
150 43 70 53 35 26 151
143 35 67 53 32 24 141
157 47 73 53 36 26 155
143 34 71 53 31 23 145
143 47 82 53 33 26 150
144 39 72 53 35 25 144
143 34 69 53 33 22 147
143 36 74 53 37 26 150
153 42 77 53 35 24 160
146 40 71 53 32 25 146
146 32 70 53 29 24 147
175 37 69 54 33 26 155
143 39 68 54 32 25 145
143 37 74 54 31 26 138
138 37 70 54 32 24 142
143 38 67 54 31 24 148
132 30 65 54 30 22 132
143 42 75 54 33 25 134
139 30 64 54 30 22 136
143 30 61 54 30 21 143
140 35 69 54 33 24 137
166 51 79 54 37 28 163
166 53 79 54 36 28 165
142 35 69 54 30 24 139
164 51 77 54 36 28 162
162 40 76 54 36 28 165
164 45 72 54 33 27 158
168 52 77 54 36 28 164
162 46 75 54 36 28 165
143 37 71 54 35 24 156
141 33 68 54 31 25 143
133 29 66 54 31 22 136
143 50 78 54 33 26 143
143 38 70 54 31 26 146
144 44 75 54 35 26 145
144 41 74 54 34 24 149
139 34 65 54 32 25 144
144 44 77 54 35 25 141
144 36 71 54 31 23 140
162 45 74 54 36 27 165
168 44 77 54 38 27 176
162 52 81 54 36 28 171
143 43 74 54 34 28 145
138 38 74 54 32 25 140
138 48 81 54 33 27 140
143 35 69 54 32 22 142
138 48 83 54 34 26 143
162 41 73 54 36 26 161
132 30 64 54 31 22 134
138 35 69 54 31 23 140
163 57 82 54 37 30 160
139 30 64 54 29 23 140
144 40 71 54 32 25 140
143 30 63 54 31 22 145
144 34 64 54 32 25 144
137 33 65 54 30 22 138
163 45 75 54 36 27 166
144 37 70 54 32 24 143
137 44 83 54 33 28 138
137 42 74 54 32 26 135
144 33 77 54 34 24 142
144 41 77 54 35 25 144
144 34 66 54 33 23 149
139 32 75 54 34 25 140
144 42 74 54 35 24 146
144 33 71 54 33 22 146
143 32 65 54 30 22 143
144 50 82 54 34 26 146
144 35 70 54 30 23 140
143 45 75 54 32 25 140
143 34 67 54 30 23 145
175 60 80 54 40 30 177
144 36 66 54 32 25 145
142 34 65 54 32 25 144
143 31 61 54 34 22 146
131 31 66 54 32 23 131
144 40 73 54 33 24 140
134 32 66 54 29 24 132
166 45 75 54 35 28 167
137 40 74 54 33 24 139
140 41 76 54 34 27 137
163 53 79 54 37 28 168
145 36 69 54 32 25 143
142 35 63 54 32 22 144
145 35 64 54 33 23 144
145 38 76 54 33 25 144
142 41 71 54 32 24 145
142 31 65 54 30 23 144
142 48 83 54 35 26 144
145 34 70 54 31 27 143
145 31 67 54 32 24 143
137 37 69 54 32 25 134
137 38 71 54 30 22 137
140 32 69 54 28 21 137
144 42 73 54 32 24 144
144 36 68 54 32 25 138
134 30 64 54 31 21 128
168 53 76 54 39 29 172
145 33 70 54 32 22 145
163 48 79 54 38 28 157
163 46 74 54 40 29 171
161 49 79 54 36 27 165
142 38 71 54 33 25 148
161 47 73 54 36 27 167
145 39 71 54 33 25 151
140 37 72 54 31 23 135
161 43 80 54 36 25 168
142 37 72 54 32 24 145
145 35 68 54 32 24 146
171 70 93 54 40 33 173
142 33 70 54 30 22 138
163 45 72 54 37 26 158
145 42 72 54 33 24 148
145 45 76 54 34 26 159
142 41 74 54 31 24 139
137 42 76 54 31 22 136
142 39 69 54 33 23 142
142 41 77 54 32 26 140
161 47 71 54 35 26 165
164 45 79 54 35 26 149
153 60 87 54 34 20 146
160 42 76 54 38 29 163
145 50 82 54 36 28 149
145 36 72 54 36 25 146
145 44 76 54 34 26 138
140 46 79 54 32 26 140
142 36 69 54 30 24 136
160 43 74 54 35 26 167
145 36 68 54 34 25 140
136 41 74 54 31 24 138
145 32 69 54 33 24 157
142 32 57 54 29 24 140
144 30 65 54 31 21 142
160 48 74 54 35 27 161
142 36 72 54 34 24 141
144 37 71 54 31 23 150
160 40 71 54 32 27 153
166 56 85 54 38 28 168
136 34 81 54 31 22 140
136 30 65 54 28 22 135
145 49 88 54 33 26 142
145 43 73 54 33 26 140
160 47 74 54 35 24 157
140 35 70 54 34 22 155
160 38 66 54 36 28 160
142 31 64 54 31 23 139
141 42 78 54 34 25 142
146 37 75 54 33 25 146
146 31 64 54 32 23 146
140 36 70 54 33 24 138
140 37 69 54 31 24 142
146 42 74 54 32 24 147
146 37 73 54 31 25 146
146 32 68 54 30 23 147
164 53 77 54 37 28 158
140 34 73 54 31 24 141
141 35 70 54 34 24 143
136 37 74 54 30 25 134
146 45 78 54 35 26 157
160 56 86 54 36 29 154
172 46 77 54 37 27 168
141 48 83 54 33 27 138
129 28 65 54 30 23 133
146 45 72 54 33 25 148
135 30 68 54 31 22 154
141 36 72 54 33 24 136
141 41 73 54 33 24 138
141 34 69 54 33 23 144
160 48 82 54 37 29 162
146 59 87 54 34 28 148
135 30 67 54 31 22 139
141 40 75 54 32 24 145
172 52 79 54 34 29 172
164 54 83 54 38 30 168
159 54 79 54 38 28 162
140 32 64 54 29 24 142
146 32 65 54 31 24 142
146 35 69 54 33 23 142
135 30 68 54 31 21 136
141 35 68 54 33 24 137
159 46 77 54 35 26 162
141 34 64 54 31 23 140
141 30 67 54 31 23 147
165 47 73 54 35 27 165
162 43 70 54 34 27 158
162 47 73 54 35 26 160
133 30 62 54 30 22 127
146 49 79 54 31 26 144
146 34 70 54 34 23 150
144 52 83 54 33 27 145
135 34 69 54 31 21 133
163 47 81 54 38 28 162
146 58 88 54 34 30 144
146 37 73 54 35 24 150
143 37 70 54 32 25 140
146 45 67 54 31 22 139
127 30 63 54 29 22 131
143 35 68 54 33 25 150
147 41 75 54 36 26 151
159 42 71 54 35 26 161
160 56 85 54 36 29 163
147 32 68 54 32 21 157
156 43 74 54 34 25 154
159 45 76 54 36 28 161
156 50 85 54 37 27 160
153 40 74 54 32 25 152
147 40 71 54 31 25 142
153 50 75 54 35 27 155
153 39 70 54 36 27 158
153 37 70 54 32 25 150
153 46 80 54 36 26 158
147 38 76 54 34 26 151
156 49 77 54 37 29 157
153 47 78 54 34 27 155
152 37 69 54 32 25 148
152 39 73 54 35 25 146
152 55 80 54 38 29 158
159 48 80 54 33 27 161
153 54 86 54 37 25 154
152 45 75 54 34 27 155
156 42 74 54 38 29 164
147 35 68 54 31 25 153
147 36 70 54 35 22 145
152 49 79 54 34 27 158
147 41 74 54 35 26 153
153 51 81 54 33 25 152
153 45 74 54 33 27 153
147 37 67 54 33 26 156
147 37 69 54 34 25 163
147 55 87 54 37 30 151
153 40 71 54 34 24 160
147 41 73 54 33 26 142
153 42 73 54 33 25 158
153 41 70 54 34 27 148
154 41 70 54 35 26 155
149 38 70 54 37 27 165
159 45 77 54 40 30 161
156 43 75 54 36 26 154
152 40 67 54 32 25 150
154 58 85 54 35 30 148
147 40 74 54 34 25 152
154 42 77 54 34 27 148
147 44 76 54 34 25 150
147 40 73 54 35 25 146
154 41 71 54 33 26 150
152 41 70 54 35 27 151
152 48 76 54 36 29 152
158 51 93 54 39 28 161
158 42 68 54 34 26 161
158 43 76 54 35 26 160
152 50 78 54 38 28 155
152 42 71 54 36 25 153
154 40 73 54 31 26 152
148 40 74 54 33 26 149
158 39 73 54 32 24 144
154 36 65 54 33 24 148
152 36 69 54 34 27 145
152 54 87 54 37 28 151
152 44 74 54 33 27 152
154 52 83 54 36 27 164
148 33 67 54 32 26 145
152 45 73 54 35 26 152
152 54 92 54 37 30 153
151 40 71 54 35 24 150
151 36 70 54 36 26 155
151 41 70 54 31 25 150
158 41 73 54 33 25 160
151 38 67 54 32 25 153
154 43 73 54 33 26 158
158 77 100 54 37 33 160
151 41 73 54 31 27 153
148 34 69 54 31 24 152
148 33 66 54 31 23 147
158 45 74 54 35 25 160
148 34 67 54 32 25 149
151 40 72 54 36 25 156
151 41 75 54 35 26 155
149 35 70 54 34 25 147
151 44 75 54 37 26 150
148 45 78 54 34 27 148
154 42 74 54 37 27 167
148 43 73 54 32 24 150
148 39 69 54 32 24 150
154 43 75 54 36 28 152
149 53 85 54 36 30 156
151 51 85 54 36 29 159
151 42 72 54 34 25 158
151 37 70 54 33 24 158
155 45 76 54 34 27 170
155 42 74 54 36 26 162
148 39 75 54 33 24 158
157 51 78 54 36 28 162
151 39 69 54 34 24 151
148 39 71 54 33 25 152
155 48 79 54 34 28 158
151 31 66 54 33 21 160
151 47 80 54 34 27 151
157 45 78 54 35 26 160
157 47 76 54 33 29 154
150 36 68 54 31 25 152
150 40 78 54 35 25 153
151 33 68 54 30 23 146
157 42 71 54 34 27 160
150 45 75 54 35 25 155
157 58 82 54 37 29 160
157 50 80 54 37 27 161
148 40 71 54 33 24 151
148 34 65 54 30 23 133
148 50 81 54 35 26 151
157 38 73 54 34 26 156
151 41 75 54 34 26 158
157 42 72 54 33 27 157
155 42 73 54 34 25 157
148 37 65 54 31 24 152
151 40 72 54 36 27 151
155 38 74 54 36 28 160
148 45 80 54 33 26 150
150 38 75 54 34 26 160
150 40 74 54 33 25 152
150 43 73 54 32 25 148
150 40 71 54 34 28 150
157 67 90 54 35 31 164
156 42 74 54 35 25 161
149 61 86 54 35 30 150
150 49 85 54 33 26 152
150 33 62 54 32 24 145
150 36 67 54 33 25 146
156 55 80 54 37 27 162
156 42 71 54 34 25 156
150 44 70 54 33 26 144
157 44 78 54 35 27 155
149 44 74 54 34 25 154
149 44 75 54 32 26 150
149 39 66 54 33 26 156
150 33 63 54 31 24 150
156 41 74 54 36 27 153
156 42 71 54 35 26 158
154 41 74 54 34 26 156
152 40 72 54 38 27 159
156 47 77 54 37 26 160
156 51 82 54 36 29 157
153 40 74 54 34 25 150
150 44 79 54 33 26 153
149 37 71 54 32 24 150
153 44 74 54 34 27 156
155 40 71 54 33 26 158
156 40 76 54 35 25 161
150 53 68 54 32 24 154
150 38 68 54 36 25 163
153 35 67 54 34 26 156
144 37 72 55 23 33 144
144 33 65 55 30 24 142
149 39 71 55 35 25 150
149 39 71 55 34 27 162
149 38 70 55 30 22 147
148 60 87 55 35 29 154
149 55 81 55 36 30 145
149 41 72 55 33 26 148
148 53 86 55 33 27 146
148 34 67 55 30 21 148
145 34 66 55 34 25 155
148 36 71 55 33 23 144
145 42 75 55 34 25 148
149 50 80 55 39 27 153
149 44 71 55 33 26 148
149 33 67 55 31 24 146
149 42 72 55 33 25 154
144 38 71 55 34 26 149
143 34 66 55 33 24 155
149 41 71 55 33 24 154
144 44 76 55 35 26 141
149 59 91 55 34 27 155
143 32 67 55 33 23 143
144 44 77 55 33 25 145
150 43 74 55 34 25 133
144 32 68 55 31 24 143
148 39 73 55 35 26 150
143 39 71 55 32 30 145
144 45 79 55 37 26 150
143 34 68 55 32 24 145
143 34 69 55 32 23 144
144 38 72 55 34 22 151
144 31 77 55 34 24 145
148 47 78 55 35 28 152
150 59 89 55 35 29 147
148 48 83 55 36 30 145
143 37 72 55 31 23 147
142 43 75 55 31 25 143
148 55 85 55 35 28 152
142 42 72 55 35 27 160
142 37 68 55 33 25 142
142 36 68 55 31 25 157
142 42 76 55 32 25 142
150 48 76 55 35 26 154
148 47 77 55 34 28 150
144 41 74 55 34 27 142
144 42 72 55 29 26 142
150 41 73 55 34 27 160
142 38 72 55 33 25 142
148 51 90 55 34 27 141
145 54 92 55 35 28 143
149 34 67 55 31 25 147
144 40 70 55 32 23 140
142 34 63 55 33 23 137
150 40 72 55 33 24 153
142 34 66 55 32 25 142
148 43 73 55 37 28 152
142 44 77 55 34 27 140
148 51 83 55 35 28 144
145 50 80 55 34 27 145
148 41 75 55 33 26 146
142 38 72 55 32 23 137
148 45 81 55 34 26 143
149 41 74 55 34 27 148
148 48 72 55 34 24 159
141 35 68 55 30 24 141
141 39 68 55 35 25 142
145 35 68 55 30 23 140
151 37 68 55 34 23 152
145 35 69 55 34 24 141
140 35 67 55 32 26 145
148 59 90 55 37 28 158
148 46 79 55 30 26 145
140 35 70 55 31 24 144
151 42 74 55 35 27 152
148 48 81 55 38 28 148
145 43 78 55 34 26 145
151 44 71 55 33 27 151
145 39 70 55 32 25 145
140 35 70 55 31 24 140
140 31 68 55 29 23 144
140 32 66 55 32 23 146
151 39 72 55 32 26 152
145 39 70 55 32 25 148
140 38 70 55 33 22 148
151 44 76 55 32 27 148
140 30 66 55 32 22 150
148 54 82 55 36 28 145
140 34 68 55 34 23 154
144 39 74 55 33 23 142
149 35 70 55 31 23 147
143 48 81 55 33 25 147
139 49 85 55 34 25 146
151 45 76 55 35 25 156
151 46 76 55 35 26 153
139 30 68 55 34 25 140
143 34 66 55 33 26 144
151 34 65 55 30 23 148
148 48 77 55 34 27 149
139 31 66 55 32 23 138
151 40 69 55 32 27 150
148 35 73 55 28 23 149
139 35 67 55 31 25 141
145 46 78 55 36 28 153
151 44 74 55 33 26 150
145 30 64 55 35 21 157
139 33 64 55 31 23 141
148 45 72 55 36 26 148
152 46 72 55 36 24 152
152 48 78 55 35 26 151
152 43 76 55 35 25 151
145 33 69 55 32 25 140
152 38 68 55 33 26 150
145 35 70 55 32 23 147
138 31 67 55 33 25 139
152 41 74 55 32 24 154
145 40 74 55 32 25 147
138 31 70 55 31 24 138
146 37 72 55 31 24 140
147 37 70 55 34 26 150
138 41 74 55 33 22 138
147 39 71 55 32 25 155
147 42 80 55 33 24 146
147 38 70 55 37 26 160
146 38 67 55 33 24 145
146 36 66 55 30 24 140
147 44 77 55 36 24 142
152 52 78 55 33 28 157
147 41 72 55 33 25 151
138 41 76 55 33 24 140
137 42 78 55 34 25 138
152 62 92 55 34 30 155
147 36 69 55 36 28 162
137 31 68 55 30 22 128
152 38 70 55 36 25 164
137 31 66 55 28 23 132
137 39 72 55 33 27 133
136 31 65 55 30 23 137
136 41 79 55 35 26 146
147 48 81 55 34 27 156
147 50 77 55 34 28 146
135 27 66 55 34 24 140
146 40 75 55 36 26 150
146 42 79 55 35 25 150
152 43 72 55 34 26 160
147 38 72 55 32 24 148
135 31 66 55 32 23 132
146 40 79 55 36 28 145
147 40 75 55 36 27 150
152 43 78 55 36 25 154
146 48 78 55 33 26 148
143 50 82 55 34 27 144
152 42 71 55 36 25 156
147 39 70 55 34 24 147
147 40 73 55 32 24 151
152 38 66 55 33 24 146
147 38 67 55 34 27 152
146 51 84 55 35 26 144
152 38 68 55 34 27 155
147 49 80 55 35 25 145
152 40 73 55 35 28 167
146 43 78 55 33 27 150
146 33 65 55 31 23 144
146 53 86 55 36 29 150
153 56 84 55 35 30 152
135 30 65 55 33 24 123
147 39 77 55 37 24 165
147 36 73 55 33 24 151
134 38 73 55 32 21 137
146 48 78 55 36 29 150
147 42 77 55 35 24 145
150 35 68 55 33 25 150
134 35 72 55 30 23 130
143 36 68 55 32 25 144
153 38 68 55 36 25 152
133 30 65 55 31 21 152
147 45 77 55 32 24 152
133 35 64 55 30 23 131
147 34 68 55 32 23 148
130 32 66 55 32 23 148
143 37 67 55 30 22 138
151 56 89 55 35 28 148
156 54 80 55 35 28 154
179 79 99 55 43 30 176
166 86 104 55 35 33 164
161 50 79 55 35 26 165
161 50 72 55 36 25 158
161 40 70 55 32 26 156
161 75 99 55 40 31 171
161 54 79 55 35 28 158
177 60 81 55 39 31 178
175 63 85 55 37 31 177
161 65 92 55 37 29 162
161 45 74 55 37 27 167
156 38 71 55 35 24 159
160 63 92 55 39 29 167
153 57 89 55 33 31 157
153 57 88 55 37 30 157
153 45 78 55 34 26 153
174 47 75 55 38 31 169
153 41 71 55 31 26 148
153 42 72 55 34 26 151
153 40 74 55 33 26 153
174 52 80 55 38 30 174
166 55 83 55 36 30 173
160 60 86 55 37 28 171
174 53 81 55 35 30 169
153 45 79 55 32 26 148
160 49 79 55 34 28 163
173 57 86 55 42 29 179
160 50 84 55 38 30 166
154 47 76 55 35 30 153
173 69 87 55 43 32 180
157 50 80 55 35 26 159
173 81 99 55 37 32 180
172 50 79 55 36 28 170
172 60 84 55 39 28 178
160 48 81 55 34 29 164
172 59 84 55 37 30 174
172 44 73 55 35 28 165
171 50 79 55 38 30 165
161 52 82 55 37 28 168
160 47 71 55 34 26 164
154 42 74 55 34 25 156
161 51 78 55 36 30 166
170 60 86 55 40 29 175
170 53 84 55 38 27 168
160 36 67 55 34 23 160
170 56 78 55 39 29 168
154 44 75 55 35 27 158
154 59 84 55 37 29 160
160 49 76 55 36 26 160
160 51 81 55 37 31 166
170 53 77 55 42 30 170
160 53 82 55 31 30 159
154 50 78 55 34 27 160
161 53 84 55 40 28 164
170 47 75 55 37 30 172
162 46 73 55 32 27 162
160 46 74 55 35 28 161
159 47 79 55 33 28 147
162 55 81 55 39 29 158
170 70 91 55 40 33 172
162 43 73 55 37 28 159
162 48 74 55 38 28 166
154 52 84 55 37 29 148
154 65 98 55 39 31 166
154 44 75 55 35 26 151
154 54 82 55 37 27 162
162 48 72 55 36 30 162
159 49 80 55 39 28 166
163 60 87 55 36 29 160
163 50 78 55 37 29 165
159 63 96 55 37 29 160
159 47 74 55 32 26 159
170 56 80 55 39 30 171
155 42 77 55 37 28 151
170 51 79 55 39 29 166
155 64 96 55 38 32 157
159 70 99 55 36 30 169
163 51 83 55 40 30 163
155 47 78 55 33 25 152
169 58 84 55 40 30 170
159 53 76 55 34 29 159
169 53 78 55 39 29 170
155 60 89 55 38 30 155
163 48 76 55 38 28 165
159 50 75 55 36 29 161
159 42 71 55 37 25 160
169 55 77 55 35 29 166
163 48 77 55 34 28 158
159 44 73 55 37 30 174
169 47 79 55 37 26 171
159 47 82 55 37 30 157
163 50 81 55 28 31 167
163 50 79 55 40 30 170
159 48 80 55 35 27 162
159 44 70 55 33 27 160
164 49 82 55 39 29 163
155 37 68 55 31 23 142
168 38 84 55 43 31 183
155 48 81 55 36 27 160
168 51 78 55 40 29 171
155 42 72 55 34 25 153
164 50 79 55 35 28 164
155 51 78 55 35 30 134
159 50 77 55 35 27 160
164 52 77 55 37 29 171
158 80 99 55 39 34 164
155 31 72 55 34 25 158
155 47 79 55 35 28 155
155 50 82 55 36 29 161
168 48 78 55 40 30 172
168 64 87 55 38 30 170
159 57 86 55 37 29 165
164 92 99 55 43 32 166
158 67 91 55 36 30 162
155 65 86 55 39 31 164
155 44 76 55 37 26 155
158 59 84 55 39 30 164
168 50 80 55 39 29 165
156 44 74 55 33 26 150
158 49 77 55 36 26 164
168 55 83 55 40 30 178
156 66 93 55 39 29 152
156 46 75 55 36 26 158
157 43 73 55 32 24 154
166 54 81 55 33 28 169
164 50 78 55 38 26 160
167 72 93 55 40 32 170
167 54 80 55 42 27 172
156 44 70 55 32 28 158
158 47 78 55 33 26 159
156 40 76 55 36 25 172
158 42 71 55 36 28 160
164 45 76 55 37 30 168
164 52 80 55 36 29 170
156 46 76 55 35 26 158
156 39 70 55 33 25 153
158 59 80 55 35 27 160
156 61 85 55 34 27 162
158 47 74 55 35 26 157
156 59 84 55 34 28 153
167 52 83 55 38 29 164
157 39 69 55 37 30 160
164 46 72 55 36 28 161
156 38 73 55 37 25 165
166 54 77 55 38 38 164
156 49 77 55 35 27 159
166 66 87 55 41 33 174
157 44 74 55 33 27 155
156 55 87 55 36 29 160
166 44 70 55 32 26 170
156 46 75 55 38 29 160
166 54 80 55 39 30 170
156 37 70 55 33 24 160
156 40 70 55 39 28 165
157 64 94 55 42 31 160
165 60 85 55 34 30 162
156 47 79 55 34 26 154
157 44 72 55 35 27 148
165 52 80 55 36 28 170
161 65 90 55 37 28 155
166 50 78 55 37 29 167
166 60 86 55 34 26 169
162 47 74 55 35 38 157
165 47 74 55 38 29 170
159 40 74 55 37 28 158
163 47 76 55 33 28 162
158 57 83 55 36 32 163
165 59 70 55 37 29 157
165 48 76 55 36 26 166
164 51 77 55 36 28 164
157 35 67 55 35 22 166
157 50 76 55 38 28 164
157 49 79 55 36 27 157
157 51 80 55 37 26 162
157 66 92 55 37 30 155
150 44 78 56 36 25 150
157 61 90 56 36 29 156
149 55 83 56 37 26 155
155 52 84 56 36 28 159
154 53 82 56 37 28 158
150 36 67 56 33 23 152
157 47 77 56 38 30 169
156 50 79 56 36 29 164
152 51 81 56 37 29 155
148 44 73 56 34 26 146
148 42 74 56 33 26 151
152 35 70 56 36 24 154
149 43 73 56 34 23 150
149 51 83 56 33 27 147
150 51 84 56 35 29 142
157 41 73 56 34 26 158
149 47 79 56 33 25 151
157 49 78 56 35 28 160
157 61 89 56 35 30 160
149 57 88 56 34 27 151
148 52 87 56 39 29 150
157 54 81 56 33 27 162
156 44 73 56 37 29 154
157 78 96 56 46 32 178
148 50 83 56 37 27 150
148 44 79 56 33 26 147
156 49 74 56 34 26 158
149 49 79 56 34 27 149
148 40 72 56 31 25 152
158 39 71 56 32 25 158
156 55 86 56 36 31 158
148 46 78 56 35 26 157
148 39 70 56 33 27 145
158 53 77 56 36 28 156
150 40 71 56 33 25 146
150 45 76 56 33 26 149
148 43 76 56 33 25 151
158 66 93 56 36 32 157
150 38 69 56 32 24 152
148 50 79 56 34 24 146
156 61 90 56 38 29 168
148 34 67 56 31 24 156
148 57 84 56 34 27 149
156 42 74 56 36 28 158
158 50 78 56 35 29 165
156 53 80 56 36 28 158
150 49 82 56 35 25 170
155 42 73 56 34 27 159
149 38 70 56 32 24 154
155 53 76 56 37 28 158
150 36 69 56 36 27 152
147 53 87 56 35 27 150
150 55 86 56 38 28 162
147 47 76 56 33 26 146
147 39 69 56 37 26 155
155 43 71 56 32 26 158
155 63 96 56 33 29 153
155 42 77 56 35 26 162
147 36 70 56 31 23 146
147 36 70 56 32 23 150
159 59 86 56 35 29 160
159 48 76 56 35 29 164
149 40 71 56 34 25 150
155 40 72 56 32 23 160
155 49 78 56 37 28 155
155 42 72 56 35 27 152
159 46 71 56 34 26 154
147 50 88 56 33 27 150
155 40 74 56 35 27 150
159 55 83 56 35 28 168
155 55 87 56 38 29 160
151 40 72 56 37 25 161
157 47 76 56 36 27 156
151 38 71 56 36 27 160
151 46 76 56 35 26 144
155 52 79 56 37 30 155
155 60 86 56 34 29 151
151 43 73 56 35 26 151
154 53 84 56 33 26 151
151 41 72 56 33 22 158
151 40 72 56 33 26 156
154 48 78 56 32 27 152
154 48 77 56 35 27 158
151 38 69 56 35 28 148
154 54 85 56 36 27 152
151 35 69 56 35 27 150
159 59 86 56 38 26 161
151 40 74 56 36 28 150
159 46 76 56 36 26 162
159 44 76 56 36 26 169
152 41 76 56 35 26 153
152 58 91 56 36 30 152
152 52 80 56 35 28 152
146 46 78 56 35 27 152
152 47 82 56 37 25 154
154 46 73 56 36 28 165
146 40 69 56 33 24 144
146 31 69 56 31 22 151
146 47 76 56 33 26 150
154 48 77 56 37 29 152
154 61 96 56 36 28 159
154 39 70 56 34 25 145
152 36 67 56 32 25 152
146 41 74 56 33 25 149
146 36 66 56 32 25 142
152 56 88 56 35 29 147
160 47 76 56 34 25 155
146 39 74 56 35 23 145
146 49 78 56 33 29 147
152 41 79 56 34 25 157
160 58 84 56 37 27 160
160 55 78 56 38 26 162
154 47 77 56 37 23 156
160 66 87 56 36 29 154
146 41 74 56 31 23 158
160 64 86 56 36 29 162
145 42 76 56 36 25 157
145 33 67 56 32 22 147
145 42 77 56 32 25 147
152 45 74 56 36 26 160
145 45 77 56 34 27 149
152 40 71 56 33 25 156
157 57 84 56 37 28 160
160 49 82 56 34 28 166
157 42 74 56 36 27 157
152 40 72 56 36 25 148
153 41 74 56 36 26 156
157 45 71 56 34 25 162
152 40 73 56 35 26 165
149 38 72 56 36 25 153
153 52 82 56 36 29 150
160 69 91 56 39 31 163
153 55 82 56 37 27 158
145 39 71 56 34 27 158
145 38 75 56 35 27 149
153 56 86 56 39 28 161
153 51 85 56 38 28 171
153 39 73 56 33 25 153
153 53 84 56 33 28 159
153 51 84 56 36 29 150
161 52 81 56 36 27 165
145 48 81 56 36 24 155
153 54 85 56 33 27 145
153 50 84 56 35 26 152
145 37 72 56 34 24 147
171 75 90 56 39 35 168
167 61 87 56 39 32 170
183 65 85 56 39 31 184
145 48 86 56 33 27 142
171 58 81 56 38 30 175
171 59 83 56 41 31 177
177 59 83 56 41 32 181
166 64 83 56 35 29 160
167 62 86 56 40 32 174
168 63 82 56 41 31 178
145 56 87 56 35 25 143
176 57 85 56 39 29 179
161 40 68 56 34 26 160
161 64 89 56 37 28 161
176 61 82 56 36 31 166
161 51 79 56 39 29 142
140 35 70 56 33 26 155
132 33 67 56 32 24 139
140 36 72 56 34 27 157
144 41 73 56 35 26 145
138 36 68 56 33 25 131
144 42 75 56 32 26 140
144 58 91 56 35 28 139
175 61 84 56 40 30 175
162 51 76 56 35 28 161
171 51 82 56 38 26 175
162 45 73 56 37 26 167
169 60 86 56 39 30 178
140 40 77 56 31 23 147
138 48 79 56 31 25 142
162 53 76 56 33 29 162
162 55 73 56 41 30 170
144 39 71 56 34 25 150
174 51 78 56 34 29 174
164 65 89 56 39 30 166
162 46 75 56 36 28 160
162 55 82 56 40 30 163
171 56 83 56 39 30 170
162 48 83 56 35 27 167
164 59 87 56 38 29 172
144 46 77 56 34 28 138
164 52 78 56 37 28 171
162 35 72 56 35 26 154
134 31 63 56 31 23 136
171 65 86 56 43 31 172
162 57 83 56 39 29 165
140 50 82 56 33 24 150
166 47 75 56 38 29 168
162 55 81 56 36 30 173
143 32 63 56 32 22 148
165 51 74 56 36 26 164
137 34 69 56 31 23 137
162 64 86 56 35 31 160
143 30 65 56 33 23 154
170 50 77 56 38 30 170
174 54 80 56 40 28 177
173 58 83 56 39 29 179
143 37 69 56 29 23 146
163 55 86 56 38 29 164
170 50 76 56 37 28 168
163 47 80 56 35 28 162
163 47 75 56 36 28 162
165 66 89 56 39 30 163
163 58 79 56 34 28 160
165 54 78 56 38 30 161
140 43 76 56 33 29 160
173 100 99 56 42 36 172
170 57 85 56 41 29 179
173 49 78 56 39 30 176
143 46 78 56 32 25 146
141 48 84 56 36 28 140
165 48 75 56 35 28 165
143 36 69 56 31 23 142
173 53 79 56 40 29 174
165 52 78 56 34 28 161
164 51 82 56 35 27 165
142 36 68 56 32 25 143
163 51 80 56 37 28 167
142 42 75 56 35 28 147
134 34 68 56 32 24 132
163 56 81 56 36 30 168
171 73 97 56 40 33 175
164 47 76 56 34 30 164
135 34 73 56 34 25 149
167 52 81 56 37 29 170
138 35 75 56 33 22 138
137 32 67 56 31 22 148
171 61 82 56 41 30 174
166 49 84 56 39 29 166
164 65 85 56 37 31 164
141 36 67 56 31 24 142
164 54 76 56 34 29 165
164 50 77 56 35 28 161
166 46 74 56 36 28 161
170 49 76 56 36 29 174
165 60 87 56 37 30 159
142 46 81 56 36 27 140
164 55 77 56 37 27 158
142 41 71 56 33 24 140
141 48 81 56 37 29 152
171 59 86 56 40 30 173
159 49 76 57 39 28 161
147 39 71 57 33 24 148
146 32 73 57 36 26 147
164 78 97 57 42 32 170
147 41 76 57 35 27 150
162 52 75 57 36 28 161
164 65 95 57 37 30 167
158 62 88 57 39 28 161
158 40 74 57 38 28 160
164 58 86 57 36 28 164
159 51 78 57 36 26 162
164 55 81 57 36 28 165
162 52 80 57 37 29 163
145 45 80 57 37 29 160
148 48 74 57 37 29 162
158 73 103 57 41 33 170
148 44 73 57 37 26 150
148 51 85 57 38 27 158
142 34 69 57 32 24 140
147 47 81 57 37 28 146
146 39 73 57 32 22 150
165 52 81 57 36 28 160
159 58 85 57 38 27 158
163 66 88 57 39 31 163
143 40 74 57 33 23 146
159 54 84 57 38 27 166
148 46 78 57 36 26 154
159 48 76 57 35 28 158
159 44 73 57 37 25 156
162 55 76 57 40 30 165
165 53 80 57 37 30 171
165 60 83 57 39 30 172
157 47 74 57 36 27 160
165 55 83 57 39 28 172
140 49 86 57 36 28 141
146 54 91 57 36 27 144
162 74 93 57 37 31 160
162 74 99 57 39 30 166
157 52 81 57 36 29 163
162 51 80 57 36 26 146
143 50 80 57 35 27 146
166 70 93 57 38 31 168
162 59 85 57 39 32 174
148 36 72 57 34 25 153
159 60 88 57 39 31 170
164 53 81 57 37 26 170
145 49 77 57 33 24 150
166 64 87 57 39 28 164
157 43 73 57 38 29 161
166 60 86 57 39 28 164
162 55 84 57 38 29 167
144 35 64 57 33 22 148
164 53 83 57 39 30 172
161 63 95 57 39 28 161
166 53 81 57 37 27 170
166 65 87 57 36 30 170
161 48 78 57 38 28 170
160 70 86 57 42 30 165
149 50 79 57 34 26 146
161 55 80 57 34 26 161
161 48 74 57 34 26 165
161 50 81 57 37 28 162
161 66 90 57 39 38 168
164 48 77 57 39 31 172
149 49 82 57 34 26 144
166 68 90 57 36 30 170
150 64 91 57 37 29 150
150 46 79 57 38 30 150
163 56 78 57 37 28 166
157 40 70 57 34 26 155
156 54 81 57 39 31 162
173 56 79 57 41 33 167
156 55 88 57 39 30 163
156 68 89 57 38 31 168
152 46 78 57 34 26 142
174 58 88 57 39 31 176
150 52 81 57 35 29 152
150 49 82 57 35 26 157
168 78 99 57 40 34 164
173 60 79 57 39 29 183
153 46 73 57 32 28 147
155 50 76 57 39 29 150
173 65 86 57 38 31 175
155 42 73 57 36 28 155
154 46 77 57 37 26 156
168 55 77 57 36 28 166
173 93 99 57 44 36 177
150 35 72 57 34 25 155
175 54 75 57 39 30 182
168 70 94 57 37 31 171
152 43 73 57 33 26 151
168 59 82 57 39 29 168
150 44 78 57 36 25 155
176 58 83 57 39 29 180
170 68 87 57 42 32 181
154 38 71 57 36 26 155
175 55 78 57 37 29 163
169 64 89 57 36 30 178
155 47 76 57 34 27 160
155 56 86 57 35 29 157
154 40 68 57 32 25 150
155 52 83 57 35 27 157
169 54 78 57 39 28 172
133 30 63 57 29 22 133
169 45 99 57 44 32 174
153 42 77 57 35 25 159
169 49 78 57 41 30 165
154 44 77 57 35 26 154
170 55 77 57 37 30 166
170 64 92 57 41 30 172
152 56 86 57 34 28 149
151 45 75 57 34 27 153
154 58 83 57 37 28 151
153 41 75 57 34 26 157
153 45 76 57 35 27 157
152 57 73 57 43 29 183
152 71 103 57 36 32 160
174 71 86 57 39 33 164
154 37 68 57 31 25 154
152 40 68 57 35 24 163
171 55 80 57 39 27 171
152 53 80 57 37 28 157
149 49 78 58 33 27 145
156 51 81 58 39 28 165
170 80 77 58 43 32 175
166 60 81 58 37 31 167
154 51 85 58 38 29 157
166 50 81 58 36 27 166
169 63 87 58 41 30 178
164 50 80 58 37 31 167
158 62 86 58 37 29 161
169 72 99 58 40 31 171
166 57 82 58 38 31 166
151 45 73 58 35 27 150
164 76 97 58 37 30 172
142 49 80 58 36 29 142
159 47 80 58 38 27 164
171 54 80 58 37 30 169
164 64 86 58 40 31 172
163 64 88 58 37 31 166
163 49 81 58 38 27 167
170 54 78 58 36 30 170
172 54 85 58 38 29 172
151 39 69 58 33 24 148
164 57 85 58 36 30 164
165 56 80 58 39 31 177
172 88 99 58 41 34 182
169 75 92 58 37 31 172
165 60 83 58 41 29 168
169 57 84 58 38 30 178
163 59 83 58 38 30 169
163 69 95 58 37 31 162
168 62 86 58 40 31 176
168 67 89 58 41 34 172
173 58 83 58 38 30 174
163 52 77 58 38 26 160
168 57 84 58 40 30 170
170 57 83 58 38 28 167
157 49 78 58 37 27 164
167 69 91 58 37 31 170
170 72 94 58 37 29 170
157 59 87 58 37 28 163
147 48 80 58 35 26 143
161 76 99 58 39 30 165
160 52 82 58 38 28 162
174 77 99 58 42 33 175
143 36 66 58 31 23 138
176 68 88 58 42 33 182
161 60 86 58 38 28 170
143 37 69 58 33 23 145
144 42 73 58 33 25 144
160 62 88 58 38 30 165
177 65 85 58 43 34 179
165 50 72 59 38 28 165
163 62 87 59 40 32 177
175 69 87 59 40 31 176
169 59 88 59 39 31 172
168 61 83 59 42 31 171
172 81 99 59 44 34 176
173 79 92 59 42 33 176
175 64 82 59 39 28 182
170 52 80 59 35 27 168
163 52 81 59 38 29 164
160 63 89 59 39 30 163
145 49 88 59 35 28 151
153 44 74 59 36 29 154
178 66 86 59 39 33 177
155 44 73 60 34 25 154
178 61 85 60 39 30 174
166 75 93 60 39 31 165
175 92 99 60 43 34 180
179 60 82 60 40 31 184
183 67 89 60 43 32 178
